2,321019
4,303204
6,241672
8,157906
10,105459
12,64500
14,48675
16,32597
18,27627
20,17797
22,15840
24,10779
26,9741
28,8181
30,6722
32,5190
34,4963
36,3665
38,3694
40,3106
42,2507
44,2292
46,2185
48,1791
50,1717
52,1540
54,1416
56,1124
58,1164
60,1002
62,867
64,798
66,791
68,760
70,622
72,620
74,512
76,451
78,827
80,533
82,525
84,509
86,518
88,300
90,431
92,321
94,407
96,241
98,224
100,350
102,251
104,271
106,289
108,265
110,164
112,227
114,151
116,242
118,230
120,152
122,191
124,131
126,210
128,128
130,137
132,108
134,173
136,147
138,124
140,90
142,75
144,86
146,57
148,76
150,121
152,170
154,99
156,120
158,48
160,98
162,109
164,111
166,52
168,54
170,56
172,61
174,49
176,52
178,39
180,47
182,123
184,196
186,139
188,37
190,28
192,39
194,28
196,44
198,39
200,35
202,116
204,31
206,50
208,113
210,54
212,34
214,19
216,24
218,41
220,25
222,31
224,25
226,128
228,39
230,22
232,138
234,22
236,20
238,68
240,16
242,24
244,27
246,15
248,23
250,15
252,11
254,35
256,22
258,15
260,21
262,19
264,14
266,36
268,11
270,13
272,15
274,291
276,17
278,11
280,33
282,11
284,15
286,12
288,29
290,31
292,11
294,13
296,12
298,9
300,8
302,10
304,27
306,139
308,8
310,22
312,11
314,26
316,18
318,13
320,10
322,8
324,6
326,33
328,12
330,6
332,12
334,6
336,7
338,4
340,25
342,176
344,13
346,17
348,7
350,8
352,6
354,3
356,7
358,9
360,20
362,5
364,7
366,4
368,7
370,37
372,10
374,5
376,13
378,6
380,12
382,12
384,119
386,5
388,10
390,5
392,45
394,12
396,24
398,8
400,4
402,6
404,5
406,182
408,2
410,6
412,9
414,3
416,6
418,3
420,13
422,22
424,1
426,6
428,3
430,3
432,4
434,6
436,19
438,3
440,5
442,22
444,7
446,3
448,18
450,50
452,3
454,11
456,1
458,3
460,1
462,10
464,36
466,21
468,1
470,4
472,22
474,1
476,3
480,191
482,3
484,3
486,92
488,20
490,4
492,4
494,11
496,20
498,56
500,35
502,4
504,6
506,3
508,6
510,7
512,18
514,3
516,3
518,2
520,1
522,1
524,1
526,10
528,2
530,1
532,1
534,3
536,3
538,1
540,5
542,3
544,13
546,3
548,13
550,16
552,1
554,14
556,40
558,3
560,4
562,16
564,6
566,18
568,5
570,272
572,4
574,4
576,6
578,9
580,4
582,1
584,24
586,3
588,2
590,14
592,2
594,5
596,2
598,13
600,1
602,3
604,4
606,42
608,2
610,2
612,2
614,3
616,2
618,5
620,2
622,2
624,2
626,4
628,25
630,2
634,32
636,1
638,6
640,7
642,1
644,3
646,32
648,1
650,8
652,3
654,3
656,1
658,7
660,5
662,26
664,5
666,2
668,5
670,3
672,3
674,4
676,6
680,7
682,251
684,13
686,2
688,5
690,5
692,16
694,6
696,5
698,3
700,1
702,2
704,3
706,14
708,3
710,1
712,6
714,8
716,3
718,6
720,5
724,9
726,23
730,6
732,4
734,5
736,7
738,3
740,1
742,5
744,3
746,2
748,5
750,27
752,3
754,6
756,3
760,2
764,2
766,3
768,251
770,2
772,4
774,3
776,3
778,55
780,4
782,1
784,3
788,2
790,2
792,3
794,1
796,4
800,6
802,15
804,2
806,12
808,5
810,4
812,1
814,2
816,2
818,4
820,4
822,5
824,4
828,2
830,2
832,3
834,30
836,4
838,2
840,2
842,2
844,2
846,2
848,3
850,1
852,1
854,5
856,5
860,5
862,2
864,3
866,2
868,1
870,14
872,3
874,2
876,1
878,1
880,4
882,6
884,1
886,2
888,5
890,7
892,2
898,1
900,2
904,2
906,1
908,3
910,7
914,2
918,3
920,4
922,3
924,431
926,4
928,10
930,20
932,7
934,7
936,1
938,4
940,2
942,7
944,1
946,7
948,2
952,1
954,4
956,1
958,2
960,4
962,1
964,8
966,5
968,3
970,6
972,4
974,3
978,2
980,1
982,3
984,9
986,4
988,3
990,7
992,6
994,6
996,13
998,3
1000,2
1002,3
1004,2
1006,3
1010,5
1012,1
1014,3
1016,1
1018,11
1020,3
1022,3
1024,3
1030,3
1032,4
1034,16
1036,1
1038,5
1042,4
1044,4
1048,2
1050,2
1052,4
1054,2
1056,1
1058,1
1060,4
1064,7
1066,2
1068,2
1070,2
1074,2
1076,2
1078,8
1080,2
1082,3
1084,1
1086,2
1088,1
1090,1
1094,1
1096,2
1100,1
1102,1
1104,2
1108,1
1110,13
1112,2
1114,4
1116,2
1118,4
1120,3
1124,2
1126,2
1130,1
1134,4
1138,3
1140,1
1144,1
1148,2
1150,3
1152,2
1154,3
1156,1
1158,7
1160,4
1162,2
1164,6
1166,3
1170,4
1172,1
1174,1
1176,2
1178,1
1180,2
1182,3
1184,2
1186,1
1190,1
1192,4
1194,152
1196,8
1198,11
1202,2
1204,1
1206,1
1208,6
1214,1
1216,1
1218,3
1220,3
1222,4
1224,4
1226,7
1228,2
1230,2
1234,2
1238,2
1240,2
1248,1
1250,5
1256,1
1258,1
1266,1
1268,4
1270,2
1274,2
1280,1
1282,1
1284,1
1288,1
1290,4
1292,2
1294,1
1296,1
1298,3
1300,1
1302,2
1304,3
1308,1
1312,1
1314,7
1318,3
1320,4
1322,1
1326,3
1328,4
1330,4
1334,1
1336,1
1338,2
1342,2
1344,4
1348,2
1352,8
1354,1
1358,2
1360,1
1362,2
1364,3
1368,2
1370,9
1372,3
1374,2
1378,4
1382,1
1384,1
1388,11
1390,1
1392,4
1394,2
1396,2
1398,234
1400,2
1402,2
1404,1
1406,4
1408,2
1410,2
1412,2
1414,1
1416,2
1418,1
1422,1
1424,3
1430,6
1432,9
1434,3
1436,3
1438,1
1440,2
1442,2
1446,1
1452,2
1454,1
1456,1
1460,1
1462,19
1466,1
1468,1
1470,1
1476,1
1478,1
1482,2
1486,1
1488,5
1492,1
1494,2
1496,2
1506,2
1508,1
1510,1
1512,2
1516,3
1520,2
1524,1
1526,1
1532,2
1534,1
1536,1
1544,1
1550,1
1552,1
1554,2
1568,2
1570,2
1572,1
1574,1
1578,1
1580,1
1584,1
1592,8
1598,1
1600,1
1602,5
1606,1
1608,1
1614,2
1616,3
1626,1
1650,2
1652,2
1656,1
1662,2
1664,1
1666,1
1674,2
1676,2
1698,2
1702,1
1706,1
1710,2
1714,1
1716,1
1722,1
1724,1
1734,349
1736,2
1738,1
1740,4
1742,4
1744,1
1746,1
1748,3
1750,1
1752,2
1758,1
1760,1
1762,3
1764,4
1766,4
1768,1
1770,2
1780,1
1782,2
1784,2
1788,2
1790,1
1792,2
1798,1
1800,2
1802,2
1804,1
1810,1
1814,1
1816,1
1824,1
1826,1
1830,5
1844,1
1850,1
1854,1
1858,1
1860,1
1862,1
1864,1
1866,2
1870,1
1872,1
1876,1
1886,2
1890,1
1898,1
1904,1
1908,2
1910,3
1912,1
1920,4
1922,1
1924,1
1928,1
1930,1
1934,1
1940,1
1944,1
1946,1
1950,1
1960,2
1970,1
1972,1
1976,1
1996,1
2002,2
2008,3
2014,1
2018,1
2022,1
2030,1
2034,1
2038,2
2042,2
2052,4
2056,2
2058,3
2060,1
2062,1
2064,2
2074,1
2076,20
2080,1
2082,1
2092,1
2098,1
2100,1
2102,4
2104,1
2110,1
2126,1
2128,5
2132,1
2134,1
2140,1
2180,1
2210,4
2220,2
2224,1
2226,1
2234,1
2236,1
2246,1
2252,1
2256,2
2264,1
2278,5
2282,1
2308,1
2320,1
2324,1
2340,1
2342,1
2354,1
2366,18
2378,1
2388,1
2406,14
2414,1
2426,1
2428,1
2430,1
2434,1
2444,2
2464,1
2492,1
2546,1
2580,1
2590,1
2700,1
2702,2
2798,1
2852,1
2884,1
3022,1
3274,1
3382,1
5170,2420
5172,7
5174,4
5176,3
5178,5
5180,8
5182,3
5184,5
5188,4
5190,4
5192,4
5194,5
5196,1
5198,3
5200,2
5202,1
5204,5
5208,1
5210,2
5212,5
5216,4
5220,2
5222,1
5230,1
5234,2
5236,1
5238,1
5240,1
5244,1
5254,1
5258,1
5278,1
5288,2
5290,1
5300,6
5304,1
5312,1
5324,3
5332,1
5334,1
5342,7
5346,1
5350,1
5354,1
5362,1
5366,1
5370,2
5552,1
5648,1
5690,1
5738,1
5800,18
5806,1
5810,1
5828,1
5842,1
5852,1
5856,1
5904,2
5918,1
5922,6
5930,2
5970,1
5996,1
6134,1
6150,1
6262,1
6362,1
6990,1
7032,1
