20
34
18
56
20
118
12
104
30
30
106
6
16
4
34
26
2
28
12
78
100
52
58
256
94
28
156
60
392
18
42
22
6
60
26
6
88
14
52
66
224
70
202
28
54
56
18
10
64
30
16
60
20
88
48
6
18
22
0
12
44
146
82
0
44
6
80
56
94
154
18
98
84
290
20
68
30
142
74
14
0
2
42
24
36
604
34
18
70
404
24
100
128
78
36
44
34
4
60
16
86
56
16
170
50
32
82
56
56
56
6
62
16
32
26
32
60
16
22
2
72
12
28
56
88
4
26
48
72
20
12
30
8
12
94
46
34
128
58
64
52
4
14
206
44
8
60
250
52
112
110
22
52
0
4
10
36
38
56
24
90
72
94
2
4
10
62
42
10
182
62
22
8
10
52
8
0
38
2
24
8
4
34
182
18
34
48
34
14
56
26
6
130
60
16
182
20
70
20
32
54
114
76
30
84
14
64
0
22
44
2
90
148
48
10
22
56
68
16
36
90
44
28
74
8
76
62
4
0
76
20
16
2
38
12
86
34
30
48
22
126
66
48
38
36
14
30
58
92
70
46
8
70
8
24
16
120
14
478
50
694
76
82
10
40
4
94
64
38
158
12
22
48
72
10
172
68
8
10
14
18
124
26
106
64
14
22
92
4
18
40
10
4
12
32
42
18
40
24
42
18
56
14
8
492
322
56
36
144
100
78
12
26
14
70
138
108
22
16
136
60
38
102
10
108
16
34
50
192
52
30
86
14
14
12
38
62
38
18
6
18
42
26
4
6
82
86
56
132
68
10
28
152
20
278
110
12
20
80
56
42
42
16
16
26
24
156
6
78
516
20
14
30
84
18
60
18
64
28
6
12
32
136
68
46
22
6
4
12
36
4
14
32
26
88
74
80
16
86
66
36
74
36
68
4
10
72
72
24
66
50
72
114
32
44
80
48
40
0
82
54
94
12
14
2
88
0
34
8
66
34
244
114
28
34
18
8
44
54
26
26
52
80
24
102
14
222
12
14
38
32
110
294
56
30
128
528
42
18
72
20
80
66
80
44
16
20
6
14
96
12
78
32
66
78
112
34
2
28
184
10
360
186
38
90
112
8
18
2
32
74
74
8
12
18
342
56
14
6
56
46
60
92
6
4
12
8
8
10
22
64
22
28
12
48
10
88
128
18
28
48
30
168
60
26
48
492
52
22
28
40
48
68
14
72
46
86
58
66
16
82
72
54
16
52
78
16
200
52
98
42
240
354
46
106
22
66
134
44
14
22
274
62
20
100
46
32
14
32
30
92
16
4
60
70
10
66
60
102
26
26
144
24
58
220
76
40
60
28
18
30
6
88
1912
144
76
26
42
4
68
44
62
22
18
34
62
76
38
38
28
14
32
4
48
16
64
110
48
116
46
32
90
106
16
150
36
32
24
68
158
58
48
90
156
38
124
20
12
52
32
6
24
8
32
30
66
4
46
80
68
78
6
38
44
8
104
64
40
44
186
12
54
50
34
26
8
0
34
32
124
10
62
56
14
10
30
60
36
4
64
84
34
26
104
38
60
14
34
104
22
50
46
0
86
6
64
54
6
66
30
4
10
22
40
42
36
26
62
48
88
84
60
10
34
28
16
14
26
16
6
22
30
52
44
90
6
118
140
76
24
50
114
82
16
60
56
28
68
16
88
84
28
0
2
68
66
150
64
70
246
42
66
80
8
24
24
68
4
50
2
64
56
148
16
148
48
508
78
10
56
52
94
20
46
166
4
58
32
30
40
144
28
80
30
56
86
72
100
10
264
2
66
154
10
52
140
32
18
72
238
76
98
4
132
36
34
82
52
86
50
82
180
56
142
54
16
14
36
34
22
10
20
16
148
52
16
14
34
198
74
4
20
20
14
76
252
142
162
26
50
20
130
40
16
8
12
92
54
12
30
64
14
36
22
20
80
26
22
30
10
14
16
22
70
40
24
4
76
98
128
2
66
104
62
10
50
4
22
60
46
36
276
84
4
180
4
16
44
16
24
92
28
62
12
36
10
28
10
48
42
24
52
20
102
174
48
122
10
80
70
2
104
54
2
18
62
54
6
70
48
168
80
28
12
206
22
20
14
66
232
116
34
300
30
68
62
62
44
2
80
4
170
134
124
4
76
6
118
16
22
4
160
26
48
44
18
78
16
76
40
12
6
4
20
74
80
52
62
72
10
68
48
42
94
2
60
0
34
6
36
70
40
62
18
6
22
110
6
90
38
52
34
50
56
68
104
40
26
24
26
18
26
70
42
24
18
14
20
34
62
58
184
10
84
46
86
70
40
144
10
6
82
30
10
112
140
64
14
26
14
76
10
44
88
64
150
72
80
68
14
60
64
34
42
2
28
48
8
32
78
12
42
40
88
64
60
6
66
1290
44
74
60
40
56
110
162
36
162
56
192
36
20
42
28
2
68
72
4
48
92
8
44
76
10
58
20
106
58
20
20
28
122
28
38
72
4
74
132
80
28
106
8
140
40
42
60
72
100
66
70
2
34
28
344
44
74
34
10
14
6
46
18
62
26
90
28
14
12
24
44
32
36
26
74
40
34
2
12
4
56
2
14
6
52
6
12
54
236
4
72
8
52
194
20
82
2
6
20
14
12
18
38
70
8
50
70
44
34
98
24
104
16
2
0
50
76
38
28
222
10
20
112
52
30
66
290
38
2
64
154
40
12
8
4
90
28
162
24
24
44
42
254
8
142
46
10
104
84
244
10
508
112
76
94
76
68
32
14
94
48
8
68
16
280
44
68
94
12
64
26
36
132
22
20
56
40
86
88
8
130
2
60
38
86
68
72
20
36
72
142
14
30
170
62
186
54
82
22
26
4
6
82
74
20
72
220
32
10
330
2
70
24
52
2
16
64
22
6
34
4
512
18
40
24
272
30
24
140
50
54
28
254
82
454
26
72
104
30
8
6
80
6
20
82
22
30
98
56
14
44
44
30
16
36
30
58
20
52
20
18
18
42
14
14
16
20
70
10
10
24
156
24
78
36
62
82
14
104
98
118
66
32
28
60
50
12
38
144
14
74
100
42
74
134
42
6
8
238
90
86
70
54
52
12
58
40
144
32
252
32
126
38
34
8
0
14
6
102
22
74
4
46
24
16
78
54
66
70
40
36
14
120
60
50
70
14
48
8
118
110
32
4
30
78
2
60
38
46
16
82
36
82
66
34
256
476
88
76
234
54
6
174
44
32
10
44
82
78
38
428
96
72
54
8
60
56
46
10
56
20
62
32
114
54
128
28
88
140
64
64
70
60
28
816
68
62
90
104
20
38
42
0
88
26
6
38
76
164
22
14
44
50
310
12
4
16
30
58
172
84
44
64
10
38
8
98
68
36
52
4
50
26
100
84
110
38
48
14
26
82
54
8
64
66
90
26
24
6
2
148
36
36
8
394
36
58
8
142
62
22
56
258
30
30
126
24
16
6
2
82
38
146
20
52
178
46
54
70
24
20
94
82
176
18
36
178
76
82
20
90
54
102
2
38
6
22
104
62
14
20
24
152
86
88
36
132
62
58
32
62
16
108
100
6
12
302
132
10
6
50
4
42
66
68
30
86
132
54
22
20
52
124
44
46
4
18
82
36
8
0
0
32
84
90
36
102
84
64
28
118
152
18
42
18
60
16
52
36
26
70
78
188
200
24
162
24
28
78
52
62
130
62
20
80
200
16
36
36
40
30
14
2
42
20
6
84
146
32
156
18
74
36
16
34
8
86
110
24
32
20
66
58
6
534
72
110
34
64
160
78
6
112
32
116
80
28
46
12
28
46
12
56
138
148
236
58
34
8
22
64
68
32
44
18
70
66
212
14
36
18
64
28
42
0
12
56
42
66
120
62
44
114
68
60
72
32
68
26
30
16
6
16
72
220
12
82
26
68
64
38
38
70
78
112
64
94
104
98
228
80
46
8
36
82
724
26
82
70
12
10
48
44
18
74
64
62
36
84
6
358
12
48
50
72
80
46
106
38
14
46
0
24
174
70
14
40
44
84
58
78
16
92
108
4
104
52
4
4
8
22
74
104
40
72
118
62
446
126
866
34
10
14
142
40
104
86
12
58
26
36
90
20
14
6
14
12
60
126
26
4
46
32
60
56
50
2
16
104
12
34
36
114
46
70
14
24
8
274
104
30
146
62
56
18
30
38
14
74
30
128
22
26
100
56
140
14
28
18
34
12
82
8
248
58
98
56
16
58
12
34
28
26
78
10
26
106
12
72
14
18
68
78
4
18
78
8
18
6
26
68
20
28
10
10
38
42
58
6
14
640
46
36
32
86
96
132
46
98
82
138
54
78
18
10
34
94
8
44
50
42
116
26
98
66
44
18
48
76
8
132
82
20
22
26
42
28
52
26
34
42
16
34
78
10
30
80
26
30
38
12
60
44
64
70
18
48
64
2
106
286
2
286
82
6
74
94
86
30
334
286
30
314
32
12
4
70
12
54
110
142
72
74
16
86
86
10
16
56
18
46
96
34
8
252
4
6
92
70
46
258
138
8
40
10
4
54
30
18
2
10
74
24
92
220
82
12
48
30
4
64
98
98
126
0
58
28
106
36
128
74
120
18
74
112
88
66
6
92
10
240
60
56
32
74
64
20
50
16
38
62
56
58
60
74
76
80
34
2
24
120
70
20
74
4
198
14
92
62
84
44
90
54
2
104
64
6
2
100
70
24
6
52
66
36
90
66
82
32
10
66
252
6
52
58
78
146
36
0
88
48
96
22
82
68
52
18
584
20
12
64
12
190
26
268
168
230
10
88
40
12
44
58
32
44
36
30
38
20
38
208
14
26
78
104
84
38
120
22
6
102
44
18
22
364
0
98
8
80
72
32
28
14
16
6
16
32
38
4
4
16
16
12
64
72
56
48
70
94
226
16
176
16
92
124
4
82
14
18
64
48
150
32
30
60
24
28
64
18
34
98
10
6
64
14
140
22
74
30
2868
12
0
52
60
152
44
208
162
22
56
4
50
78
20
94
38
472
12
32
76
4
46
40
24
28
6
20
12
0
36
100
28
38
10
52
18
54
66
4
44
1994
72
14
52
34
74
52
6
22
20
20
388
50
44
48
74
36
24
32
84
36
348
12
76
60
18
56
0
44
2
6
16
12
8
32
40
42
94
52
330
74
12
222
70
16
10
8
82
132
50
36
90
12
42
128
110
58
0
34
28
128
4
32
26
40
50
6
12
82
20
56
46
32
36
138
34
78
68
62
122
46
122
88
6
6
182
98
82
106
36
14
18
18
106
68
60
8
108
78
22
168
120
18
28
34
40
38
26
70
28
38
22
80
22
30
54
44
44
86
46
6
10
36
56
54
32
18
60
18
100
82
570
36
120
36
80
104
90
334
64
100
264
40
56
26
72
48
8
70
70
62
62
58
124
32
10
126
102
20
52
94
38
6
76
188
76
12
288
20
20
42
198
14
84
116
34
116
78
4
96
84
8
2
110
44
34
108
20
124
26
78
98
56
188
24
36
78
66
2
52
62
72
98
44
70
82
6
66
74
0
86
56
8
4
56
34
20
44
0
6
48
16
74
36
6
56
36
60
46
80
8
16
90
30
40
94
36
18
62
2
90
2
30
8
2
74
70
20
26
46
42
82
130
86
8
38
12
60
20
4
206
6
54
68
84
80
118
8
8
74
24
42
6
66
48
12
50
50
20
18
38
26
114
122
6
68
108
4
70
174
150
2
12
10
8
68
10
130
30
48
50
72
150
6
20
22
14
54
8
60
50
16
2
52
434
30
4
92
52
88
42
10
50
0
54
46
110
4
64
18
38
82
442
58
112
66
96
20
72
174
94
320
94
16
28
0
80
392
128
76
22
8
12
20
16
24
76
58
22
54
0
140
2
20
14
24
44
70
62
98
60
52
14
50
62
90
98
28
100
52
46
140
42
138
56
26
64
190
60
34
48
2
16
68
12
38
70
6
114
14
24
14
2
144
50
18
78
56
12
52
110
62
2
10
16
72
52
4
108
20
68
18
126
68
106
40
16
16
36
6
12
6
130
8
86
12
24
42
8
38
14
52
22
8
22
4
90
56
18
10
120
0
2
88
28
0
86
136
8
2
22
22
68
66
168
32
22
32
60
8
66
48
38
22
4
24
0
92
74
6
62
62
28
10
6
6
60
14
8
50
28
42
0
24
0
10
30
108
34
238
28
88
30
46
62
86
48
60
30
42
64
32
68
12
0
142
76
60
132
20
6
18
56
34
64
30
178
14
8
84
24
100
12
172
8
38
36
16
66
88
14
10
10
88
30
0
18
110
12
38
4
66
4
76
40
30
232
20
2
82
76
8
206
28
66
66
30
38
18
74
58
26
6
64
50
18
14
50
10
0
78
66
10
126
40
6
20
18
46
2
10
44
32
94
82
38
38
34
34
8
12
110
142
66
112
14
2
240
24
78
66
50
36
50
84
68
122
68
38
194
60
42
80
24
134
14
28
22
62
26
14
4
210
72
82
116
64
42
36
4
54
64
106
126
62
16
12
10
104
126
6
4
10
20
44
24
50
22
78
40
38
2
80
8
144
64
50
42
56
18
2
42
304
8
188
6
16
22
76
26
42
8
90
2
2
30
38
52
50
10
26
8
74
4
6
36
30
48
64
70
10
2
16
64
72
60
118
28
18
18
62
42
34
24
52
34
30
74
48
62
44
28
72
8
56
16
12
42
42
18
8
30
10
52
16
100
60
130
116
32
60
0
244
10
84
30
8
32
18
28
0
14
68
4
210
22
10
48
112
26
26
0
52
12
16
24
112
58
6
132
34
20
8
2
66
24
50
2
2
14
18
96
50
46
24
50
136
26
22
16
34
50
20
40
58
10
72
18
36
76
74
54
64
28
6
10
2
52
10
86
516
124
452
50
38
56
112
18
84
0
0
34
36
114
100
64
50
18
32
42
14
172
16
48
38
124
12
0
52
86
122
38
72
14
116
66
40
86
38
6
4
96
68
20
82
88
40
6
30
78
50
18
36
52
32
40
92
6
154
4
64
110
4
18
6
74
76
106
4
16
12
30
46
8
70
22
90
24
40
24
20
14
34
36
8
74
58
22
16
156
26
18
26
6
78
22
80
2
80
18
52
46
16
356
6
82
36
88
38
16
88
204
10
20
18
62
4
4
70
58
4
22
168
60
30
2
174
24
142
94
72
158
0
14
618
160
324
86
16
24
22
72
48
60
12
94
10
38
76
8
26
268
80
34
168
60
62
38
28
48
42
14
160
28
16
32
0
46
46
18
54
32
72
66
162
90
96
162
238
40
28
0
242
44
76
116
52
56
64
12
42
70
26
24
76
226
44
84
86
52
60
50
40
16
2
130
94
42
84
78
12
56
34
18
20
96
64
46
102
28
74
116
100
70
60
58
28
4
410
42
114
22
64
24
32
86
18
138
16
64
32
4
66
70
18
76
180
54
82
40
4
10
92
26
60
10
64
16
4
40
6
82
366
16
68
28
74
58
10
6
4
72
24
16
2
88
22
60
78
32
152
296
148
8
2
92
22
30
8
116
196
2
16
22
18
42
8
84
128
22
6
68
138
60
54
78
2
32
26
56
416
12
156
126
130
68
52
84
2
46
40
264
118
8
104
18
66
82
178
32
20
38
64
32
0
176
20
16
52
12
16
94
68
68
86
106
6
112
28
6
68
68
44
272
90
70
38
52
36
266
22
10
84
88
14
28
68
86
36
68
86
50
92
22
28
62
78
4
26
160
44
14
102
32
198
6
18
10
236
148
58
12
22
44
62
12
46
70
8
0
130
4
6
142
20
6
44
68
110
6
254
44
70
18
6
4
12
66
50
6
218
0
12
8
46
10
10
52
14
72
66
64
36
6
16
42
42
24
22
24
70
64
8
124
52
160
106
36
34
6
10
16
68
180
202
64
94
258
34
4
20
330
48
34
70
40
60
56
28
48
92
92
60
256
72
80
62
16
42
114
66
24
32
280
28
60
66
70
26
308
96
20
46
80
76
4
96
28
54
32
10
10
22
6
62
46
54
46
148
54
326
8
74
38
64
20
68
94
74
42
68
38
72
28
66
58
62
4
72
802
8
4
28
40
64
46
86
66
32
12
14
6
68
4
102
56
20
8
150
22
22
54
60
86
66
2
62
20
248
48
34
8
24
98
44
8
16
86
16
18
24
24
46
82
352
14
50
4
30
24
6
36
96
18
58
2
46
10
10
4
92
80
30
38
66
22
54
70
64
182
78
52
10
34
8
34
4
52
102
8
124
26
52
66
84
72
58
12
8
26
24
30
146
154
6
28
38
50
8
78
54
8
18
4
162
46
6
26
8
24
44
24
46
132
278
162
110
60
72
498
24
0
26
98
60
264
74
24
4
32
56
140
54
28
164
64
36
54
60
54
28
150
118
72
74
26
80
14
0
38
96
44
40
18
180
72
190
30
10
22
38
50
148
50
14
76
8
68
60
802
96
24
46
46
50
40
24
120
26
148
52
30
14
114
64
38
32
22
42
50
86
44
20
22
32
48
12
10
12
60
24
0
84
70
44
136
4
18
20
48
18
52
4
54
86
2
10
48
34
8
94
8
58
96
20
44
66
48
58
78
28
0
64
18
22
24
30
12
124
2
76
58
84
8
70
48
82
32
30
30
34
46
14
64
44
48
6
2
12
8
58
120
26
18
148
68
54
4
46
4
74
34
6
46
12
20
58
356
24
18
102
10
36
6
64
18
66
308
68
18
94
18
90
52
22
108
2
30
14
34
188
38
24
46
30
16
54
14
140
60
58
68
72
80
24
36
872
38
88
74
24
8
12
40
70
114
58
6
32
18
16
54
76
48
38
30
54
66
50
4
6
68
38
64
84
170
92
118
40
62
14
30
48
0
2
62
6
2
26
2
72
58
42
20
228
34
18
112
78
104
72
36
78
62
96
32
12
58
20
116
162
40
18
72
6
96
22
42
14
12
78
112
90
56
10
16
52
8
26
60
22
4
14
18
66
42
50
20
80
80
46
116
12
48
100
22
48
122
56
10
36
72
24
12
22
24
88
42
8
118
52
0
68
24
52
6
58
12
22
50
42
44
18
2
230
82
54
12
30
28
70
20
110
6
280
60
56
258
178
70
70
46
30
88
6
18
0
46
28
70
56
22
134
72
4
272
44
44
20
10
56
12
12
100
32
2
20
20
466
20
70
84
190
12
28
192
16
12
36
48
52
472
10
90
94
50
8
122
48
72
38
110
120
14
34
102
98
86
104
82
38
68
20
26
64
70
38
84
2
46
80
12
24
30
40
38
56
204
82
88
322
20
52
14
70
28
48
80
106
14
0
16
2
130
92
94
10
42
40
2
132
4
44
56
186
50
76
82
62
18
70
26
84
58
206
106
32
104
184
12
14
68
134
22
28
708
0
152
78
26
2
8
38
86
152
106
58
48
100
82
16
2
66
38
16
260
108
76
26
84
66
44
114
30
28
64
2
38
34
58
4
50
20
62
96
32
12
66
6
200
134
216
44
14
34
24
12
76
238
24
10
20
16
40
126
62
2
46
22
82
20
90
4
58
94
42
92
106
312
42
86
8
130
68
192
340
72
0
2
56
34
2
10
102
184
8
70
34
84
64
78
52
8
38
16
74
118
6
46
16
44
16
4
42
52
32
82
8
64
22
12
192
72
116
24
4
20
112
22
14
14
82
52
56
2
140
132
16
18
64
66
136
130
74
116
62
84
16
36
36
22
44
12
56
94
22
18
0
26
18
70
130
20
66
18
32
58
64
42
42
10
30
26
38
30
20
10
38
52
40
66
20
20
50
82
54
80
74
80
8
28
86
84
86
88
8
104
76
36
86
12
6
56
178
70
60
32
52
10
34
20
50
92
2
152
60
70
1856
24
144
50
112
52
24
30
1398
18
68
12
100
54
76
10
86
26
2
6
62
14
46
186
24
30
124
36
24
20
64
54
78
6
74
196
128
6
38
88
4
8
28
10
114
42
302
130
52
54
60
76
24
44
58
14
36
68
18
10
6
56
30
8
38
40
28
60
122
22
2
4
4
42
10
40
54
118
70
2
14
4
42
46
6
10
106
68
38
128
154
74
12
78
14
46
14
14
26
64
8
4
98
146
30
294
146
42
62
162
58
86
20
42
118
70
24
34
120
22
72
34
124
6
50
72
74
72
36
6
4
54
20
58
128
66
54
8
12
94
18
2
62
24
48
52
336
36
82
76
8
16
10
18
16
84
30
72
46
132
22
2
170
94
8
78
8
26
16
4
34
114
62
42
104
42
0
74
56
90
124
34
0
10
44
4
52
2
126
78
70
24
116
88
174
28
0
202
14
12
16
90
548
38
40
8
42
56
164
66
32
70
68
4
106
18
80
16
80
102
32
100
26
68
10
10
16
64
18
50
4
66
218
32
32
48
20
34
98
58
128
50
34
80
6
62
18
24
6
32
30
24
172
16
66
18
6
40
34
2
2
16
42
32
16
312
138
18
42
6
300
52
48
4
90
6
76
70
34
42
60
40
94
10
18
14
80
384
14
116
326
58
20
194
334
14
84
210
22
38
30
56
44
36
336
72
106
18
8
82
22
102
136
84
60
48
84
44
14
12
48
30
54
14
14
30
14
82
84
68
24
86
70
8
16
110
34
2
68
32
16
12
6
80
70
56
44
88
36
180
62
10
74
48
2
76
44
18
64
148
32
66
64
196
58
56
24
22
22
56
72
56
38
34
32
68
64
8
60
42
2
70
126
76
2
66
56
30
32
18
6
38
220
56
2
118
22
4
40
12
14
8
22
26
10
6
24
34
4
86
22
154
2
14
64
120
22
42
46
36
12
8
2
32
38
54
62
116
86
1434
602
0
0
10
174
102
74
22
30
60
80
78
22
34
8
6
72
74
18
36
2
96
80
58
24
28
10
2
6
44
12
32
12
28
0
80
16
76
50
34
26
24
110
86
32
64
38
6
82
24
34
48
24
24
18
112
32
140
170
114
76
96
2
42
216
74
10
88
8
60
28
48
56
42
26
92
78
68
108
18
24
14
10
32
110
6
50
34
20
90
72
42
78
62
32
48
34
18
90
50
296
50
66
18
14
80
74
112
18
4
2
98
10
118
16
40
102
60
38
196
32
76
34
122
2
8
4
10
164
38
8
42
92
22
222
62
2
82
18
12
92
10
16
40
56
14
730
0
70
16
62
52
20
50
304
120
4
32
4
20
0
48
34
30
16
28
56
26
36
14
8
188
24
18
70
102
58
154
56
14
48
178
6
44
68
88
66
86
114
2
76
68
130
4
34
88
12
8
16
64
108
84
68
30
24
50
14
88
96
126
62
6
6
22
64
256
184
18
32
22
66
44
76
36
54
22
18
10
46
88
8
234
58
72
6
4
184
70
8
84
56
54
180
30
106
6
44
22
74
128
98
56
84
16
2
56
24
124
26
52
18
2
66
78
424
10
118
126
80
6
30
26
18
40
78
20
102
16
16
14
52
18
12
4
6
92
40
32
60
56
80
24
78
16
36
76
20
20
68
16
22
30
94
12
104
110
82
96
78
104
6
38
52
40
82
4
14
54
54
18
20
12
20
0
6
114
934
116
26
26
44
26
16
228
48
24
28
54
58
36
36
64
112
158
60
12
4
64
32
108
46
0
28
44
100
72
14
98
108
4
6
52
24
66
94
90
72
14
84
54
8
44
2
88
12
60
14
32
22
134
12
10
78
20
2
58
74
62
204
60
242
6
8
152
20
86
12
84
12
18
20
32
30
104
26
18
86
150
136
8
70
2
74
12
28
62
252
48
28
4
50
4
70
12
92
72
28
160
538
8
58
44
68
34
12
168
48
14
22
136
134
8
50
2
90
344
24
38
36
96
58
50
140
98
76
80
8
76
98
8
40
14
18
2
80
44
66
32
42
30
18
12
120
74
72
18
6
40
40
0
180
38
12
48
78
16
28
84
2
18
612
22
40
6
48
82
80
4
44
74
56
32
4
16
66
64
90
14
56
32
62
20
50
60
12
66
28
24
52
6
44
46
46
24
78
36
56
12
2
74
16
92
24
4
14
14
20
86
142
78
28
8
92
6
64
82
24
92
54
0
0
164
80
80
18
28
36
12
96
150
8
28
72
10
6
22
370
58
16
66
44
2
136
50
48
68
58
26
12
88
32
38
54
18
2
44
42
44
18
82
78
26
76
96
56
8
18
36
1376
68
12
16
4
84
32
18
210
4
40
334
78
44
10
62
78
84
74
36
6
18
32
52
40
72
10
64
30
66
64
56
28
96
6
84
38
90
52
22
48
72
20
16
152
0
16
28
30
10
156
298
38
6
54
68
18
72
10
56
76
100
82
80
86
44
42
84
0
10
84
8
34
72
12
14
66
14
14
38
72
20
82
14
50
126
104
24
6
96
12
62
98
36
26
40
74
34
6
18
170
74
94
108
16
56
42
56
96
84
16
74
38
28
238
12
18
40
4
38
8
48
2
40
0
56
26
72
12
14
36
48
0
36
64
38
70
20
24
186
74
38
6
24
102
30
158
44
18
12
8
50
160
72
40
112
26
18
24
76
24
32
30
34
82
18
34
114
10
58
56
12
36
36
54
30
36
16
26
66
102
22
10
60
98
32
110
30
32
98
12
70
48
26
24
84
84
12
166
24
138
40
20
74
14
80
12
46
156
2
74
80
60
60
60
28
24
56
18
106
42
62
114
40
22
62
82
6
12
68
48
16
78
30
56
8
14
414
78
6
44
32
84
10
14
234
94
110
62
18
62
30
66
14
24
8
4
120
84
22
256
36
22
66
44
76
14
72
6
34
78
32
154
8
12
88
32
94
26
50
154
28
94
16
2
88
54
38
84
2
50
68
10
76
24
10
6
28
12
68
26
10
68
732
120
82
18
20
132
30
130
8
14
6
80
50
32
44
112
76
6
42
2
28
10
12
124
4
92
14
412
10
14
134
16
82
324
6
2
52
50
8
66
4
8
72
48
82
0
76
48
50
210
24
44
30
8
18
48
58
86
22
108
44
6
52
58
72
126
6
34
70
10
32
62
6
24
62
58
18
60
46
22
44
12
62
6
20
38
90
34
14
70
174
106
368
36
48
82
78
24
22
2
60
22
16
2
0
28
58
26
50
694
68
4
8
16
26
32
0
12
54
32
46
68
46
4
54
48
148
10
2
6
16
64
160
74
22
22
76
44
22
6
2
204
72
22
98
28
146
40
96
76
8
28
120
44
28
26
14
82
100
18
118
60
52
10
72
88
28
6
0
58
112
88
40
68
824
38
22
76
50
8
16
70
52
36
20
8
42
52
16
86
46
16
40
64
20
6
200
50
52
60
70
24
46
40
16
96
52
44
62
10
90
46
12
24
6
50
20
46
0
44
56
84
72
4
56
104
36
72
18
96
176
4
30
4
100
0
44
34
82
18
64
94
56
8
12
118
76
46
180
90
82
72
4
36
94
48
70
28
12
66
22
36
14
58
48
104
20
220
74
152
46
56
416
12
40
230
12
30
8
48
88
44
6
4
16
64
192
56
46
16
104
124
10
2
158
40
14
14
78
24
36
10
22
64
126
40
38
18
102
36
76
62
2
14
84
36
16
210
52
76
46
20
88
32
64
6
14
38
0
98
0
88
174
24
20
76
4
32
10
148
118
64
42
70
42
24
52
82
18
52
18
66
96
6
26
14
78
62
24
92
98
0
72
42
32
52
14
6
126
20
192
178
64
54
32
152
86
54
72
64
18
28
20
118
42
42
8
100
16
30
6
404
74
70
8
4
98
86
66
172
12
10
60
62
60
4
92
66
12
6
44
70
76
54
68
16
72
12
70
30
80
42
4
354
94
52
30
28
80
28
10
178
4
132
6
70
80
96
6
4
42
12
22
54
62
38
14
6
8
86
12
316
34
6
12
52
58
182
36
36
72
88
148
20
38
60
50
8
94
56
14
52
58
16
10
0
242
14
14
4
14
78
74
0
18
8
78
58
6
16
30
62
120
30
30
30
4
34
104
28
20
136
22
134
142
106
82
24
90
50
30
58
66
90
74
116
48
6
22
26
58
88
20
20
60
6
6
6
38
26
70
36
92
4
58
92
74
14
48
68
56
52
8
166
14
18
16
30
44
8
62
64
32
2
2
8
46
10
60
48
50
22
60
16
8
46
64
64
42
36
32
20
0
36
16
72
48
142
40
42
20
28
68
34
24
126
64
12
12
118
148
84
24
52
80
6
52
42
22
0
94
68
74
6
206
20
156
74
156
38
12
14
12
10
40
20
10
80
30
62
20
172
18
42
62
6
10
4
88
8
30
70
36
26
34
28
84
8
66
48
144
74
10
4
4
52
54
246
32
14
228
76
2
4
98
32
94
18
12
20
58
2
116
10
74
52
12
34
154
70
12
58
48
72
124
32
66
8
14
32
8
94
34
22
56
22
8
14
98
64
82
36
6
134
46
16
114
28
10
44
34
152
248
20
76
224
12
608
56
82
74
50
34
32
4
34
80
32
24
12
94
40
56
30
28
32
290
36
4
62
124
24
14
16
6
14
8
6
12
8
48
52
194
76
110
86
40
14
118
18
4
64
10
48
16
82
24
110
166
60
6
104
32
62
36
40
30
14
72
6
4
30
50
80
98
32
2
130
22
24
92
322
26
34
38
238
74
36
8
36
50
200
0
20
72
128
24
122
32
14
50
86
56
66
50
104
38
104
50
28
4
52
54
82
6
80
58
34
86
132
44
14
60
8
24
78
0
82
6
58
126
32
2
144
16
18
74
36
58
16
154
76
80
166
1032
104
106
58
62
84
52
70
76
30
32
86
68
0
70
20
14
8
206
52
8
334
56
22
50
26
40
40
24
0
90
82
76
18
14
12
24
186
16
34
14
98
52
56
8
18
134
38
36
78
30
26
26
46
2
74
60
16
188
130
18
40
12
52
16
20
24
252
48
46
56
16
176
82
202
2
26
40
38
106
36
6
14
80
142
22
6
102
2
70
32
56
14
0
44
152
48
44
32
96
72
70
248
10
10
58
28
68
150
100
4
0
8
58
46
54
24
60
252
74
64
74
374
66
66
10
56
286
242
10
86
22
22
50
8
6
68
38
22
10
6
144
22
18
26
38
252
44
108
6
60
1612
36
82
82
62
652
34
38
70
4
76
96
40
60
4
18
68
74
8
94
28
106
64
50
88
22
16
66
48
36
36
48
24
48
22
42
76
30
74
28
26
14
30
4
10
60
32
24
4
20
8
16
32
34
8
44
12
160
236
80
8
78
44
106
46
6
136
82
62
66
94
50
48
80
26
54
62
20
4
46
54
26
40
2
4
216
22
2
74
44
12
54
54
20
18
2
18
2
30
52
90
26
54
16
126
426
6
106
94
120
14
130
48
94
28
86
18
74
58
76
18
4
14
24
40
6
80
86
34
14
14
110
26
18
18
2
44
26
18
36
114
58
18
70
4
282
120
88
90
38
158
24
26
46
38
26
60
2
18
28
144
204
76
144
14
20
90
52
8
88
40
36
60
42
48
74
74
32
88
12
30
238
24
20
22
290
14
22
98
56
144
4
54
72
44
36
68
14
20
60
26
66
52
28
114
126
54
414
28
52
8
56
32
18
42
20
66
26
158
68
34
26
160
10
36
12
14
14
88
8
88
166
28
54
52
22
132
4
24
16
18
110
2
68
50
88
46
50
16
58
218
16
82
24
32
30
18
10
102
142
0
48
0
76
56
110
182
2
54
136
70
2
4
32
20
40
96
30
36
94
2
76
92
28
20
4
40
18
82
80
82
70
60
26
12
86
20
4
46
18
112
574
54
46
54
50
76
62
180
46
32
68
82
64
28
12
30
52
92
228
70
76
74
38
64
34
164
66
48
46
280
18
56
72
86
40
14
78
60
44
30
44
168
52
142
46
6
36
20
30
14
4
130
16
6
48
0
28
74
66
2
84
48
38
42
382
16
0
52
408
82
152
16
62
8
154
56
86
14
90
60
64
24
208
80
116
16
48
50
128
20
14
68
10
64
194
16
8
0
98
90
146
28
128
22
88
72
42
80
0
74
48
76
10
78
24
70
72
10
24
40
34
76
62
38
30
62
22
168
140
46
58
52
28
42
16
54
56
4
24
66
32
76
48
6
222
166
66
100
56
24
158
8
62
10
20
4
30
70
26
20
24
108
34
130
16
62
34
198
162
16
24
82
104
22
0
36
16
32
64
22
20
18
70
0
8
12
32
54
102
28
6
6
64
74
96
26
266
60
8
2
80
68
24
12
4
44
36
28
4
10
16
32
158
16
28
48
26
28
20
112
8
48
28
72
2
4
6
34
102
6
22
14
52
26
56
56
64
80
76
38
62
12
16
6
202
8
42
232
8
176
16
10
218
6
20
8
8
78
58
56
82
64
22
110
72
30
262
8
28
88
12
2
70
172
110
48
2
406
76
26
70
18
38
40
52
52
216
106
66
58
80
94
52
432
4
94
4
46
216
28
20
54
186
20
60
58
6
28
66
76
12
50
24
76
34
8
18
184
34
120
12
86
56
14
18
34
54
500
56
24
0
72
12
32
168
12
42
14
10
34
58
52
22
34
18
122
42
64
50
128
286
18
32
42
66
92
84
44
56
0
6
40
100
82
66
30
224
82
16
10
66
84
96
98
16
72
16
18
14
22
282
14
80
46
18
42
22
4
14
10
48
2
666
0
10
120
2
14
118
40
4
78
52
60
78
40
76
52
42
28
28
80
12
14
38
20
16
22
8
46
38
26
24
52
72
142
56
26
54
6
22
8
24
2
92
26
52
136
64
98
14
76
36
74
38
132
90
68
40
86
16
20
76
42
36
80
12
338
30
12
34
722
142
90
400
68
26
52
74
44
6
26
32
14
286
98
38
94
156
44
22
78
26
44
100
14
178
30
78
4
8
2
28
0
76
44
46
70
50
26
56
84
2
36
40
8
68
114
74
98
74
6
62
36
14
122
34
114
10
0
26
54
88
118
16
6
22
60
94
58
178
76
346
60
104
64
42
44
54
0
8
78
14
40
0
50
12
98
32
4
58
22
92
68
0
20
10
76
14
64
8
16
206
126
122
240
98
4
102
500
84
2
170
68
146
24
148
92
8
438
22
56
26
80
86
26
82
36
62
70
44
66
24
72
138
274
152
30
84
20
144
16
22
40
530
102
8
102
6
106
60
34
32
10
44
52
72
428
86
48
84
72
210
4
18
118
4
100
78
34
42
18
40
8
14
26
48
2
96
92
6
14
108
14
10
52
6
